3210
3211
3214
3215
3216
3217
3218
3219
3220
3221
3224
3225
3226
3227
3228
3229
3230
3231
3232
3233
3234
3235
3236
3237
3238
3239
3240
3241
3242
3243
3248
3249
3250
3251
3252
3255
3256
3257
3258
3259
3260
3261
3262
3263
3264
3265
3271
3272
3273
3274
3275
3277
3279
3280
3283
3284
3285
3287
3288
3289
3290
3313
3314
3317
3318
3319
3320
3321
3322
3323
3324
3325
3326
3327
3328
3329
3330
3331
3332
3333
3334
3335
3336
3337
3338
3339
3340
3341
3342
3343
3344
3349
3350
3351
3354
3355
3356
3357
3358
3359
3360
3361
3362
3363
3364
3370
3371
3372
3373
3374
3375
3377
3378
3379
