16
17
18
27
335
336
337
338
671
672
673
674
697
702
703
704
713
714
715
723
807
808
809
814
815
816
821
822
823
824
825
826
827
828
829
864
865
877
878
879
880
881
882
883
884
885
896
897
898
899
902
903
904
905
906
907
908
909
918
919
922
923
924
926
927
928
929
939
943
944
945
946
947
948
949
950
951
952
953
954
955
958
959
960
961
962
963
964
965
966
967
968
969
970
971
972
977
978
979
980
985
986
991
992
993
994
995
999
1012
1013
1014
1015
1019
1020
1021
1022
1023
1033
1034
1043
1044
1059
1060
1062
1093
1096
1101
1108
1113
1114
1135
1144
1146
1151
1152
1153
1154
1155
1161
1162
1163
1164
1168
1169
1170
1175
1176
1181
1182
1183
1184
1189
1190
1193
1194
1195
1200
1201
1202
1216
1217
1218
1224
1225
1226
1243
1244
1292
1293
1294
1329
1331
1336
1337
1338
1339
1340
1341
1342
1343
1344
1345
1346
1347
1348
1349
1350
1351
1352
1353
1354
1355
1356
1357
1358
1362
1363
1364
1365
1366
1367
1368
1369
1370
1371
1372
1373
1374
1375
1376
1377
1378
1383
1384
1385
1387
1388
1389
1390
1391
1396
1397
1398
1399
1400
1401
1402
1403
1404
1405
1410
1411
1412
1413
1414
1415
1416
1417
1418
1419
1420
1421
1422
1425
1426
1427
1428
1429
1430
1431
1432
1433
1434
1435
1436
1437
1438
1439
1440
1441
1442
1443
1444
1445
1446
1447
1448
1449
1450
1451
1452
1453
1458
1459
1460
1461
1462
1463
1464
1465
1466
1467
1468
1469
1474
1475
1476
1477
1478
1649
2043
2044
2045
2046
2103
2104
2105
2108
2109
2110
2111
2112
2113
2114
2118
2119
2120
2121
2122
2125
2126
2127
2134
2135
2138
2139
2140
2176
2177
2178
2179
2192
2193
2194
2195
2202
2203
2204
2205
2264
2265
2266
2267
2268
2269
2270
2271
2272
2273
2274
2275
2276
2277
2278
2287
2288
2289
2290
2291
2292
2293
2294
2295
2296
2297
2298
2299
2300
2301
2302
2303
2304
2305
2306
2307
2308
2309
2310
2311
2312
2313
2314
2315
2316
2317
2318
2319
2321
2322
2323
2324
2325
2326
2327
2328
2329
2330
2331
2332
2333
2334
2335
2336
2337
2338
2339
2340
2341
2342
2343
2344
2345
2346
2347
2348
2349
2350
2351
2352
2353
2354
2355
2356
2357
2358
2359
2360
2370
2371
2372
2373
2377
2378
2379
2380
2381
2382
2383
2384
2385
2388
2389
2391
2402
2403
2404
2405
2406
2407
2418
2421
2422
2425
2426
2427
2428
2429
2430
2431
2432
2433
2434
2435
2436
2437
2438
2439
2440
2441
2442
2443
2444
2445
2446
2447
2448
2449
2450
2451
2452
2453
2454
2455
2456
2465
2466
2471
2472
2473
2485
2486
2487
2488
2489
2490
2491
2492
2493
2494
2495
2496
2497
2498
2499
2500
2501
2502
2503
2504
2505
2506
2507
2508
2509
2511
2512
2513
2514
2515
2516
2517
2518
2519
2520
2521
2522
2523
2524
2525
2526
2527
2528
2529
2530
2532
2533
2534
2535
2536
2537
2538
2539
2540
2541
2542
2543
2544
2545
2546
2547
2548
2549
2550
2551
2552
2553
2554
2555
2556
2557
2558
2559
2562
2563
2564
2565
2566
2567
2568
2569
2570
2571
2572
2573
2574
2575
2576
2577
2578
2579
2580
2581
2582
2583
2584
2585
2586
2587
2588
2589
2590
2595
2596
2597
2598
2599
2600
2601
2602
2603
2604
2605
2606
2611
2612
2613
2614
2615
2766
3078
3079
3080
3081
3130
3131
3132
3135
3136
3137
3138
3139
3140
3141
3145
3146
3147
3148
3149
3150
3151
3152
3153
3154
3157
3158
3159
3495
3540
3542
3553
3555
3560
3572
3589
3592
3615
3619
3620
3631
3632
3645
3674
3675
3682
3683
3684
3686
3687
3688
3689
3690
3692
3694
3696
3699
3704
3705
3706
3708
3710
3711
3712
3721
3729
3731
3732
3733
3735
3741
3743
3744
3747
3749
3750
3759
3763
3764
3766
3767
3770
3773
3774
3775
3776
3777
3779
3780
3781
3784
3786
3787
3788
3789
3809
3812
3823
3827
3828
3832
3833
3840
3847
3848
3849
3850
3851
3852
3853
3854
3855
3856
3857
3858
3859
3860
3863
3864
3865
3866
3867
3868
3872
3874
3875
3876
3877
3878
3880
3881
3882
3884
3886
3887
3891
3892
3893
3895
3896
3898
3899
3900
3901
3902
3903
3905
3906
3907
3910
3911
3912
3913
