16
17
18
27
335
336
337
338
573
574
625
626
627
628
667
668
669
670
671
672
673
674
691
692
693
694
705
706
707
708
797
1429
1430
1441
1471
1472
1473
1869
1871
2000
2001
2024
2030
2034
2088
2089
2090
2091
2134
2135
2136
2137
2138
2139
2140
2141
2160
2161
2165
2166
2167
2168
2176
2177
2178
2179
2186
2187
2188
2189
2196
2197
2198
2199
2256
2566
2567
2578
2608
2609
2610
2952
2953
3064
3068
3070
3153
3154
3155
3156
3157
3158
3159
3160
3172
3173
3495
3505
3520
3524
3540
3550
3705
3706
3708
3712
3718
3720
3721
3729
3732
3735
3748
3763
3773
3782
3786
3789
3863
3864
3865
3868
3869
3871
3872
3874
3876
3878
3885
3892
3899
3908
3913
