18
27
807
808
809
814
815
816
821
822
823
824
825
826
827
828
829
864
865
877
878
879
880
881
882
883
884
885
896
897
898
899
902
903
904
905
906
907
908
909
918
919
922
923
924
926
927
928
929
939
945
946
947
948
949
950
951
952
953
954
955
958
959
960
961
962
963
964
965
966
967
968
969
970
971
972
977
978
979
980
985
986
991
992
993
994
995
999
1012
1013
1014
1015
1019
1020
1021
1022
1023
1033
1034
1043
1044
1059
1060
1062
1093
1096
1101
1108
1113
1114
1135
1144
1146
1151
1152
1153
1154
1155
1161
1162
1163
1164
1168
1169
1170
1175
1176
1181
1182
1183
1184
1189
1190
1193
1194
1195
1200
1201
1202
1216
1217
1218
1224
1225
1226
1243
1244
1292
1293
1294
1329
1331
1336
1337
1338
1339
1340
1341
1342
1343
1344
1345
1346
1347
1348
1349
1350
1351
1352
1353
1354
1355
1356
1357
1358
1362
1363
1364
1365
1366
1367
1368
1369
1370
1371
1372
1373
1374
1375
1376
1377
1378
1383
1384
1385
1387
1388
1389
1390
1391
1396
1397
1398
1399
1400
1401
1402
1403
1404
1405
1410
1411
1412
1413
1414
1415
1416
1417
1418
1419
1420
1421
1422
1425
1426
1427
1428
1429
1430
1431
1432
1433
1434
1435
1436
1437
1438
1439
1440
1441
1442
1443
1444
1445
1446
1447
1448
1449
1450
1451
1452
1453
1458
1459
1460
1461
1462
1463
1464
1465
1466
1467
1468
1469
1474
1475
1476
1477
1478
3809
3812
3823
3827
3828
3832
3833
3847
3848
3852
3853
3854
3855
3856
3857
3858
3859
3860
