1572
1573
1576
1577
1578
1579
1580
1581
1582
1583
1588
1589
1590
1591
1592
1593
1594
1595
1657
1658
1659
1660
1661
1662
1663
1664
1665
1666
1667
1668
1669
1670
1686
1687
1691
1693
1694
1695
1696
1697
1700
1702
1703
1704
1709
1710
1711
1712
1713
1714
1715
1716
1717
1718
1719
1720
1721
1722
1723
1724
1725
1728
1729
1730
1731
1732
1733
1734
1735
1736
1737
1738
1739
1740
1741
1742
1743
1744
1745
1746
1747
1748
1749
1750
1751
1758
1763
1764
1765
1770
1771
1773
1774
1775
1776
1777
1778
1779
1780
1781
1782
1787
1788
1789
1791
1792
1793
1794
1795
1796
1801
1802
1803
1804
1826
1827
1830
1831
1832
1835
1836
1846
1847
1848
1849
1850
1851
1852
1854
1860
1861
1862
1865
1866
2708
2709
2712
2713
2714
2715
2716
2717
2718
2719
2724
2725
2726
2727
2728
2729
2730
2731
2774
2775
2776
2777
2778
2779
2780
2781
2782
2783
2784
2785
2786
2787
2803
2804
2808
2810
2811
2812
2813
2814
2817
2819
2820
2821
2826
2827
2828
2829
2830
2831
2832
2833
2834
2835
2836
2837
2838
2839
2840
2841
2842
2843
2844
2845
2846
2847
2848
2849
2850
2851
2852
2853
2854
2855
2856
2857
2858
2859
2860
2861
2862
2863
2864
2865
2866
2869
2871
2872
2873
2878
2879
2880
2881
2882
2883
2884
2885
2886
2887
2888
2889
2890
2891
2892
2894
2895
2896
2897
2898
2899
2904
2905
2906
2907
2928
2929
2930
2931
2932
2933
2934
2935
2936
2937
2938
2939
2940
2941
2942
2943
2944
2945
2948
2949
3497
3500
3503
3504
3506
3509
3511
3512
3513
3514
3531
3533
3537
3541
3543
3546
3547
3549
3790
3791
3792
3793
3794
3795
3796
3797
3798
3799
3800
3801
3802
3803
3804
3805
3806
3914
3915
3916
3917
3918
3919
3920
3921
3922
3923
3924
3925
3926
3927
3928
