464
465
466
467
468
469
470
471
472
473
474
475
477
478
479
480
481
482
483
484
485
486
487
488
489
490
491
492
493
494
495
605
624
630
695
702
724
738
739
754
755
756
757
758
759
760
761
762
763
764
765
766
767
768
769
770
771
772
773
774
775
1379
1380
1381
1382
1392
1393
1394
1395
1406
1407
1408
1409
1606
1607
1608
1609
1610
1611
1612
1613
1614
1615
1616
1617
1618
1619
1620
1621
1622
1625
1626
1627
1628
1629
1630
1631
1632
1633
1634
1635
1636
1637
1638
1639
1640
1641
1642
1643
1644
1645
1646
1647
1648
1650
1651
1652
1677
1678
1679
1680
1681
1682
1683
1684
1685
1756
1757
1806
1807
1808
1809
1810
1811
1812
1813
1814
1815
1816
1817
1818
1819
1820
1821
1823
1824
1895
2047
2048
2049
2050
2051
2052
2053
2054
2055
2056
2057
2058
2059
2060
2061
2062
2063
2064
2065
2066
2067
2068
2069
2070
2084
2087
2116
2117
2124
2163
2164
2169
2170
2171
2172
2173
2174
2190
2193
2206
2220
2221
2228
2229
2230
2231
2232
2233
2234
2235
2236
2237
2238
2239
2240
2241
2242
2243
2244
2245
2246
2247
2248
2249
2742
2743
2744
2745
2746
2747
2748
2749
2750
2753
2754
2755
2756
2757
2758
2759
2760
2761
2762
2763
2764
2765
2767
2768
2769
2794
2795
2796
2797
2798
2799
2800
2801
2802
2867
2868
2909
2910
2911
2912
2913
2914
2915
2916
2917
2918
2919
2920
2921
2922
2923
2924
2925
2926
2973
3082
3083
3084
3085
3086
3087
3088
3089
3090
3091
3092
3093
3094
3095
3096
3097
3098
3099
3100
3101
3102
3103
3104
3105
3143
3144
3175
3176
3177
3178
3179
3180
3181
3182
3380
3501
3508
3516
3518
3521
3526
3527
3534
3548
3551
3552
3560
3561
3563
3564
3571
3573
3575
3576
3585
3586
3590
3591
3597
3602
3606
3607
3608
3609
3610
3612
3613
3617
3618
3621
3622
3627
3633
3639
3640
3641
3642
3647
3648
3651
3657
3661
3668
3669
3807
3808
3810
3811
3813
3814
3816
3817
3818
3819
3820
3821
3822
3825
3826
3829
3830
3831
3834
3836
3837
3838
3839
3841
3842
3843
3844
3845
3846
