19
20
21
22
23
24
25
26
522
523
524
525
526
527
528
529
534
535
536
537
554
555
556
557
584
585
586
587
595
596
597
598
599
600
601
602
606
607
608
609
610
611
612
613
614
615
616
617
618
619
620
621
634
635
636
637
640
641
642
643
651
652
653
654
655
656
657
658
659
660
661
662
663
664
665
666
675
676
677
678
684
685
686
687
689
690
698
699
700
701
710
711
716
717
718
719
720
721
722
741
742
743
744
749
750
751
752
776
777
778
779
780
781
782
787
788
789
790
791
792
793
794
800
801
810
811
812
813
817
818
819
820
830
831
832
833
834
835
836
839
843
844
845
849
850
851
852
853
854
855
856
857
858
859
860
861
862
863
866
867
868
869
870
871
872
873
874
875
876
890
891
892
893
894
895
900
901
910
911
912
913
914
915
916
917
920
921
925
930
931
932
933
934
935
936
937
938
940
941
973
974
975
976
981
982
983
984
987
988
989
990
996
997
998
1004
1005
1009
1024
1025
1026
1027
1028
1029
1030
1031
1032
1035
1036
1037
1038
1039
1040
1041
1042
1047
1048
1049
1050
1051
1052
1053
1054
1055
1056
1057
1058
1066
1067
1069
1070
1071
1072
1073
1074
1076
1077
1078
1079
1080
1081
1082
1083
1084
1089
1090
1091
1094
1095
1097
1098
1099
1100
1102
1103
1104
1105
1106
1107
1109
1110
1111
1112
1118
1119
1120
1121
1122
1123
1124
1130
1131
1133
1136
1137
1138
1139
1140
1141
1145
1156
1157
1158
1159
1160
1165
1166
1167
1171
1172
1173
1174
1177
1178
1179
1180
1185
1186
1187
1188
1191
1192
1196
1197
1198
1199
1203
1204
1205
1206
1207
1208
1209
1214
1215
1219
1220
1221
1222
1223
1231
1234
1235
1236
1237
1238
1239
1240
1245
1246
1247
1248
1249
1250
1251
1252
1253
1254
1255
1256
1257
1258
1259
1260
1261
1262
1263
1264
1267
1268
1269
1270
1271
1272
1273
1274
1275
1276
1277
1278
1279
1280
1281
1282
1285
1286
1288
1290
1291
1295
1296
1297
1300
1301
1302
1303
1304
1305
1306
1307
1313
1314
1315
1316
1317
1318
1319
1327
1328
1330
1332
1333
1334
1335
1488
1760
1761
1762
1772
1783
1784
1785
1786
1822
1828
1829
1833
1834
1837
1838
1839
1840
1841
1842
1843
1844
1845
1853
1855
1856
1859
1870
1882
1883
1884
1885
1912
1913
1916
1929
1930
1935
1936
1937
2027
2028
2208
2209
2250
2255
2616
2617
2618
2619
2620
2621
2622
2623
2624
2625
2626
2627
2628
2631
2632
2633
2634
2635
2636
2637
2638
2639
2640
2641
2642
2643
2644
2645
2646
2647
2648
2649
2650
2651
2652
2653
2654
2655
2656
2657
2658
2659
2660
2661
2662
2663
2664
2665
2666
2667
2668
2669
2670
2671
2672
2673
2674
2675
2676
2677
2678
2679
2680
2681
2682
2683
2684
2685
2686
2687
2688
2689
2690
2691
2692
2693
2694
2695
2696
2697
2698
2699
2700
2701
2702
2703
2704
2705
2977
2978
2982
2983
2984
2985
2986
2987
2988
2989
2990
2991
2992
2993
2994
2995
2997
2998
2999
3000
3001
3002
3003
3004
3005
3006
3007
3008
3009
3015
3016
3017
3018
3019
3020
3021
3022
3023
3024
3031
3032
