8
9
10
11
12
13
14
15
109
110
111
112
193
194
195
196
219
220
221
222
231
232
333
334
411
412
445
446
447
539
540
552
553
558
559
573
574
575
576
577
578
579
580
581
582
583
588
603
604
631
632
633
638
639
644
645
646
647
648
709
712
732
733
734
735
736
737
740
745
746
747
748
753
797
798
799
802
803
804
805
806
886
887
888
889
956
957
1016
1017
1018
1148
1149
1265
1266
1298
1299
1308
1309
1310
1311
1312
1322
1323
1324
1325
1326
1423
1424
1454
1455
1456
1457
1470
1493
1494
1653
1654
1655
1656
1825
1857
1858
1867
1868
1869
1871
1872
1873
1874
1875
1876
1877
1878
1879
1880
1881
1886
1887
1888
1889
1890
1891
1892
1893
1894
1896
1897
1898
1901
1902
1903
1921
1931
1932
1933
1934
1946
1947
1948
1949
1950
1965
1966
1967
1968
1969
1970
1973
1974
1975
1976
1977
1978
1979
1980
1981
1986
1987
1988
1989
1990
1991
1992
1993
1994
1995
1996
1997
2000
2001
2002
2003
2005
2006
2007
2008
2013
2014
2015
2016
2025
2026
2029
2031
2032
2033
2034
2035
2036
2037
2038
2039
2040
2041
2042
2115
2128
2129
2130
2131
2132
2133
2144
2145
2146
2147
2148
2151
2152
2153
2154
2155
2156
2157
2158
2159
2160
2162
2200
2201
2214
2215
2216
2217
2218
2219
2222
2223
2224
2225
2226
2227
2256
2257
2258
2259
2260
2261
2262
2263
2374
2375
2376
2474
2475
2476
2477
2480
2481
2482
2483
2484
2560
2561
2591
2592
2593
2594
2607
2629
2630
2770
2771
2772
2773
2927
2950
2951
2952
2953
2954
2955
2956
2957
2958
2959
2960
2961
2962
2963
2964
2965
2966
2967
2968
2969
2970
2971
2972
2974
2975
2976
2979
2980
2981
2996
3010
3011
3012
3013
3014
3025
3026
3027
3028
3029
3030
3033
3034
3035
3036
3037
3038
3039
3040
3041
3042
3043
3044
3045
3046
3047
3048
3049
3050
3051
3052
3053
3065
3066
3067
3069
3070
3071
3072
3073
3074
3075
3076
3077
3142
3163
3164
3165
3166
3167
3168
3169
3170
3171
3172
3174
3184
3185
3186
3187
3192
3193
3194
3195
3196
3197
3198
3199
3200
3201
3206
3207
3208
3209
3222
3223
3231
3232
3237
3238
3240
3242
3244
3245
3246
3247
3251
3253
3266
3267
3282
3290
3295
3296
3297
3298
3299
3300
3301
3302
3303
3304
3309
3310
3311
3312
3332
3333
3338
3339
3341
3343
3345
3346
3347
3348
3350
3352
3365
3366
3498
3510
3517
3519
3520
3522
3523
3525
3528
3529
3530
3532
3535
3536
3539
3545
3554
3557
3558
3559
3562
3565
3566
3567
3568
3569
3570
3574
3719
3723
3736
3746
3748
3751
3755
3758
3765
3768
3778
3783
3785
3870
3873
3879
3883
3885
3888
3889
3890
3894
3897
3904
3909
